1466024
1458531
397335
128547
1433184
761044
128548
237586
128549
128550
128551
128552
1433185
128553
128554
128555
986751
111800
1000103
765970
852059
414295
111801
111802
851772
933168
986750
159772
246118
146719
111803
111804
1673638
111805
852073
772241
146720
111806
848638
414296
111807
1579312
851771
111808
414297
414298
414299
111810
111811
409595
111812
409596
409597
1398732
409598
409599
409601
416500
111813
111814
409604
409605
409606
409608
111815
409609
111816
111817
409610
111818
111819
409611
409612
409612
409613
409614
1315258
397265
397266
397267
475198
397268
475199
397269
1259241
397271
397272
397273
1451405
111820
397274
111821
397275
397276
397277
397278
397279
397280
397281
111822
156218
397282
397283
111823
246114
397284
111824
397287
111825
397288
582717
397289
1451538
986722
397290
397291
397292
111826
397293
111827
111828
111829
397294
397295
397296
397296
111830
397297
111831
397298
397299
388057
397300
397301
388058
246115
397302
397303
1451543
387643
111833
397304
584804
397306
397307
397308
111834
397309
246112
396996
111835
111836
111837
397310
111838
397311
389830
154529
397312
246116
111839
397313
397314
111840
397316
845611
397317
397318
246113
1419558
154531
397320
111841
397322
1451545
397321
111842
397323
388059
397324
397325
111843
246111
397327
397328
397329
829026
597630
111844
397330
397331
397332
397333
1728703
1036575
1036574
1036572
1671656
848641
1671685
395104
475200
395103
119165
265733
119166
265734
119167
119168
119169
148610
119170
225817
119171
119172
119173
119174
119175
493272
119177
119178
119180
119181
464273
265735
265736
119185
119186
451691
451690
395489
396403
395490
867236
867238
867240
867242
867246
883661
934375
480394
879186
417028
417029
480395
870423
395290
395292
114728
265614
265615
767396
114729
265616
265617
265618
265619
871373
265620
265621
265622
265623
265624
265625
114730
871372
265626
265627
265628
265629
265630
114731
265631
114733
265632
265633
265634
265635
265636
265637
265638
265639
265640
265641
114735
154589
114736
265642
114737
265643
265644
265645
265646
114738
265647
265648
114739
114740
114741
265649
265650
114742
114743
114744
114745
114746
114747
265651
114748
265652
114749
265653
265654
265655
114750
265656
265657
265659
114751
114752
265660
265661
265662
863596
413752
393279
393312
393316
480359
480360
480361
852485
484586
480362
480363
480364
480365
480366
852486
480367
852487
480368
480369
480370
480371
480372
484150
480373
852562
480374
480375
480376
480378
480379
480380
480381
480382
480383
480384
480385
480389
480390
480391
480392
480393
266603
340795
879370
954624
954626
1546866
1546865
1347858
154562
265515
710789
114582
843674
154563
1312458
114583
265516
265517
114584
710790
378237
154564
579892
579893
114585
114586
114587
579895
579896
571712
114593
378238
265520
114594
114595
378239
378240
710862
740987
114598
265521
265522
265524
114599
155984
119148
119149
265666
265667
265668
265669
265670
265671
265672
265673
265674
265676
265677
265678
464274
265679
265680
736882
265681
265682
745874
743996
265683
265684
265685
740912
464275
742583
265686
265687
265688
265689
265691
414137
743997
265692
265693
265694
119150
464276
414138
119151
119152
265695
119153
119154
743998
464277
464277
464278
265696
265697
464279
740911
119155
265698
736883
265699
414139
119156
119157
464280
464281
265700
265701
265702
265703
265690
265704
119158
743999
238035
265705
265706
265707
265708
493795
265709
464282
265710
265712
265713
265714
265715
740914
464283
265716
464284
265717
265718
119159
265720
265721
740913
119160
265722
265723
414141
119161
464285
265724
493799
265725
265726
265727
265728
464286
464287
265729
414142
265730
744000
265731
464288
119162
225815
464291
265732
119163
1615041
1671538
1671540
156036
340706
393152
340707
819843
138741
138742
395297
595647
340708
843312
180829
393163
138743
138744
1718768
266631
852563
393726
393745
484145
1669656
484204
340740
606409
340741
180811
340736
180813
391218
180823
340705
1053339
393097
180828
340790
340791
180831
340792
340789
1546850
1546849
1546848
1546862
1546854
1546863
180841
180842
388239
388240
413750
180845
395237
340703
180847
180850
1546871
1546870
1546874
1546876
1546878
1546879
156284
1710755
387403
340711
139605
1485478
606407
340712
606408
340713
852764
139606
1485490
139607
1485493
1424071
139608
139609
180806
345766
139610
1485485
139611
1485482
139612
340747
1485488
340744
387412
340745
340748
340746
340749
139613
139614
156443
139658
340730
389088
389087
393668
595064
345768
863594
345769
1115596
595065
345770
595066
388237
345767
388238
340701
863595
266795
266796
340700
1617129
101150
1615046
101151
1615044
265141
101155
265142
101156
265143
101157
101158
101159
101160
175019
101161
265144
265145
870695
1263667
265146
265147
1263661
265148
265149
266853
266881
992740
266882
992742
265831
265832
265840
265841
265842
265849
265854
265857
265882
265883
265884
265885
265886
265919
493800
493801
265939
265961
265963
265975
265976
265977
265984
388716
265998
266001
266003
1327226
378299
1045542
140052
391011
140053
390921
140054
390922
140055
140056
266013
266026
266027
266029
1329628
266032
266035
266036
266037
266469
266470
136063
266471
136064
136065
424622
136075
1450695
1597229
424810
136082
220532
266507
220533
266508
266509
992749
266510
266511
992748
266512
992751
266513
992745
480396
142719
480397
142720
142721
480398
480399
480400
487530
484587
485271
480402
879197
484588
480403
484589
480404
485272
480405
484590
480406
484591
484830
484592
487531
484593
480410
480411
480413
879179
485275
480414
879180
879182
480415
484594
484595
142723
480416
480417
480418
480419
485279
480420
487532
878856
484596
480423
487533
484597
485283
487534
484598
480426
487535
142724
480428
484599
879181
480430
484600
487536
480433
487537
480435
142725
879358
1563335
879357
389627
142750
484452
481465
481466
142776
481467
142777
142778
340738
140189
140190
140191
140192
390759
1617118
1615068
154514
154511
1617116
154516
265818
1617121
1615065
870421
265819
477219
154510
154513
154512
265820
265821
154515
265822
154517
265823
265824
1671477
180814
180815
819730
140292
1478733
819729
175022
265825
265826
140559
140560
340750
140561
564787
391222
340751
340752
340753
391250
340702
389004
236673
340754
340755
236674
340756
340757
391606
367834
597016
564251
236671
236672
340734
236670
391082
1359425
1359426
1359427
394158
340715
1612847
340716
1664158
340717
340718
340719
340720
340721
340722
394434
1612840
340723
340710
340724
394467
340725
394554
140859
340726
1612845
340714
340727
340728
340729
140860
394560
140861
340695
340696
345765
340697
340698
340699
393868
413749
818882
140862
340766
1664149
340767
394092
394093
1664152
340768
1664154
140863
340769
394094
141142
141143
345764
1348846
1348847
1348850
1348844
1348848
1348849
1348845
141464
180843
395273
395274
141466
395293
395367
558413
395366
141573
395368
141574
395369
395370
396679
396680
141575
396681
396682
396683
1549600
1549651
340709
393731
393733
393692
393736
393742
393743
393319
340786
340787
340788
340780
340781
340782
340733
340735
340739
340758
340760
340759
391764
340764
340765
464290
141971
869204
869205
1057843
869202
869203
816601
122585
122587
122812
390722
851571
474829
1320677
340793
340794
265507
378298
114572
265509
816596
114573
1517783
114574
816597
265512
265513
829253
114575
994565
114576
114578
761496
114579
265514
114580
710791
114581
247798
265518
710804
740869
114588
114589
710805
114590
710787
114591
265519
114592
265525
710855
114604
265526
265527
265528
114605
265529
114606
114607
114608
265530
265531
710856
265532
378243
114609
710861
710792
378245
710793
265536
114610
710794
740870
265537
378247
710795
265538
710867
114612
265539
265540
265541
265542
378248
265544
1012019
378249
265546
114613
378250
751420
378251
378252
710796
265550
114615
378253
710786
114616
740867
265551
1670223
114617
265552
710863
608026
114600
1045527
378287
247792
114679
378288
114680
1045526
265597
114681
265599
378289
114682
114683
710869
114684
114685
710801
378290
265601
378291
114687
265602
378292
710870
247802
265603
265604
114688
1416573
1060915
114689
114690
265605
710788
265606
114691
265607
378294
265608
114692
1312459
710802
114693
265609
1312463
114695
378295
114696
154536
265610
114697
265611
265612
114698
1315860
114700
114701
114702
378296
378297
114705
114706
710871
395111
393091
395144
395235
395236
395234
395286
395147
1617093
1617097
1335185
391075
391074
391076
391077
1335199
1615075
1546239
481630
155660
1646613
1646615
1335354
1450343
1738438
1738631
1730728
1738439
1450050
1738630
1738627
1738628
1597579
1416632
1416629
155834
155925
155927
155847
877844
155850
1502252
155851
155854
155856
155865
155868
155871
1458409
1458410
742233
370508
237826
105425
155919
155922
155924
155931
1307328
155971
155980
254615
147819
147820
1027933
147824
156017
147826
147828
155835
155836
147830
147831
155844
147832
147834
147836
147837
147838
147840
571756
568201
147843
147845
147847
147849
147851
147853
147862
147864
147866
147868
147870
147872
147875
265827
265828
724300
265829
147921
147923
147944
147950
147952
147954
147956
147958
147965
180833
180837
1606255
156282
419307
826520
815467
448764
448765
815469
826521
395710
448766
815470
1512961
815468
826525
132207
148157
148158
1732010
1293198
1431633
1322313
1115395
1432497
1393478
819957
1732009
1393483
1416381
1432493
1432500
1322317
1393480
1322318
1115394
1322319
1470052
1393481
169710
169711
133921
731045
1514275
1514433
169712
169713
169714
1297652
1515334
1597943
564911
732560
169715
1597945
169716
1054039
169717
445375
133928
236159
169718
169719
1607528
732561
169720
169721
1035266
1597946
169722
169723
169724
169725
1054040
169726
169727
169728
133929
169729
169730
1061103
1061116
1423647
987130
195923
169731
169732
169733
133930
1340365
736977
169734
169735
169736
1339792
133931
1417100
169737
169738
1297653
169739
1061126
169740
169741
818074
1423646
169742
133932
762525
987131
169744
762526
169745
1297754
195924
169746
169747
169748
133933
169750
169751
169752
169753
572832
133934
742477
169754
169755
169756
133935
1297659
169757
1297660
133936
169758
1297661
820285
133937
181149
169759
871549
559374
762527
559373
169760
731044
888604
731043
169761
559375
169762
169763
559376
169764
169765
169766
169767
1503995
169768
731042
169769
742474
742476
1341748
169770
1297662
133938
742475
888605
169771
133939
1508318
1508316
1508332
1508348
1508298
1508339
1508350
1565774
266492
136077
1744148
266495
1744149
266494
136032
136035
266452
266453
136039
136033
266444
266446
136036
266450
266443
1565772
266445
136034
266448
1565773
266449
136038
266451
266458
266465
136051
266459
136052
410732
175034
136054
136055
266460
136056
410735
136057
266461
136058
266462
136059
136060
266463
266464
159921
136061
266466
266467
266468
136062
266475
266476
266480
266487
1744144
266491
266474
136079
266501
266496
266497
266498
266499
1744163
266500
136080
266502
220540
220538
266503
220539
410757
266504
266505
220541
410758
136081
266506
220535
266516
410763
1744308
992728
183435
266514
266515
136083
136084
136085
266517
220536
992739
266864
266865
266868
266869
410769
266871
266862
266863
266866
266867
266870
265150
265151
265152
559360
1435776
265153
1697365
265154
265155
106358
848411
1697368
265157
106360
106361
265159
265160
1726714
238013
1719780
265162
265163
1697366
265164
265165
265166
1697594
1697367
559366
763071
763070
1672404
894172
894173
894174
894175
894176
394522
1006410
1006411
1006416
1006417
1006465
1006466
1006421
1006427
1006423
1601706
1006431
1006467
1006441
394528
394526
1006492
1006472
1006424
1006469
1601705
1006473
1006425
1006429
1609908
1006496
1006428
1006430
1006474
1006426
1006422
1006468
1006475
394531
1006447
394568
1435019
1390677
886174
886175
886176
886177
1390678
886178
1390679
1380249
886582
886583
1390721
886256
1390723
1390726
886258
1390728
1390732
1390737
1390739
1390741
886260
992753
571710
394762
1390828
887000
886283
1390829
1390834
886286
886289
1390835
1390837
1390849
1390854
1390858
1390861
1390863
1390864
1390866
394785
1590844
394817
394816
763571
1596193
472258
1668287
472259
1668288
1668290
472257
472256
1046320
1046318
1404454
1411745
1404455
1404456
1404457
1404458
1404459
1404460
472332
1404461
1404462
1404463
1404464
1404465
1404466
1404467
1404468
1404469
1404470
1404471
1411746
1411747
1404472
1404473
1404474
1411748
1411749
1404475
1404476
1404477
1411750
1404478
1404479
1411751
1404480
1411752
1411753
1411754
1411755
1411756
1411757
1404481
1404482
1411758
1404483
1404484
1411759
1404485
1411760
1411761
1411761
1404486
1411762
1411763
1411764
1411765
1404487
1404488
1404489
1404490
1411766
1411767
1404491
1411768
1411769
1411770
1404492
1411771
1404493
1411772
1411773
1411774
1411775
1411776
1404494
1404495
1411777
1411778
1404496
1404497
1411779
1411780
1411781
1411782
1411783
1411784
1411785
1404498
1411786
1411787
1411788
1411789
1411790
1404499
1404500
1404501
1411791
1411792
1411793
1411794
1404502
1404503
1411795
1411796
1404504
1411797
1411798
1404505
1411799
1411800
1411801
1404506
1411802
1411803
1411804
1411805
1411806
1404507
1404508
1411807
1404509
1404510
1411808
1411809
1411810
1411811
1411812
1404511
1411813
1411814
1404512
1411815
1404513
1411816
1411817
1404514
1411818
1404515
1404516
1404517
1411819
1411820
1411821
1411822
1411823
1411824
1404518
1411825
1411826
1411827
1411828
1411829
1411830
1404519
1411831
1411832
1404520
1404521
1411833
1404522
1411834
1337062
472348
472349
472350
472351
472352
1027684
472353
472354
1607415
472442
472439
472449
472451
472450
370469
370470
1570324
1407997
472500
105426
1042434
472596
1408683
472597
1408684
1435546
247794
247795
1400804
1410924
1410925
1401797
1401798
1401799
1401800
1410926
1410927
1410928
1410929
1413347
1407422
1407423
1413348
1399602
1399603
1400096
1400128
1400129
1410089
1400130
1400131
1400132
1400133
1400134
1400135
1400513
1400952
1411055
1411056
1404322
1542612
1405885
1406390
1406391
1412902
1406487
1406488
1406489
1406490
1406491
1406492
1412903
1406493
1406494
1406495
1406496
1406497
1406498
1406499
1406500
1412904
1406501
1406502
1412905
1406503
1412906
1412916
1407160
1407161
1407162
1407163
1407235
1413231
1407236
1407237
1413232
1413233
1413234
1407238
1413235
1407239
1407240
1407241
1407242
1413308
1407353
1407354
1414026
1413590
1413591
1413592
1413593
1399915
1400763
1400764
1400765
1400766
1400767
1400768
1400769
1400770
1400771
1400772
1400773
1400774
1400775
1400776
1400777
1404426
1407714
1407715
1407716
1407717
1407718
1413547
1407719
1407720
1407721
1407722
1407723
1407724
1407725
1407726
1407727
1407728
1407729
1407730
1407731
1407732
1407733
1407734
1410471
1400796
1410472
1400797
1400798
1410473
1400799
1400800
1410474
1410475
1410476
1410477
1410478
1410479
1400801
1410480
1400802
1400803
1414569
1410481
1410482
1401508
1400116
1400343
1410204
1400344
1410205
1400345
1410206
1410207
1401867
1410964
1410965
1410966
1401868
1410967
1401869
1401870
1410968
1404256
1404257
1404293
1404294
1404295
1411672
1411673
1411674
1404296
1411675
1404297
1404298
1404299
1404300
1411676
1404301
1404302
1404303
1411677
1404304
1404305
1404306
1411678
1404307
1404308
1404309
1404310
1411873
1411874
1404665
1404666
1411875
1411876
1404667
1411877
1404668
1411878
1411879
1411880
1411881
1411882
1411883
1411884
1404669
1411885
1412015
1412340
1413133
1413134
1413135
1413136
1413137
1407000
1413138
477221
1602956
1407243
1407266
1407267
1407268
1413336
1407407
1413337
1407588
1407589
1407590
1407591
1413496
1413497
1407592
1407593
1407594
1407595
1407596
1407597
1407598
1407599
1413498
1413499
1407600
1407601
1413500
1407602
1413501
1413502
1407603
1407604
1407605
1413503
1407606
1413504
1407607
1407608
1407609
1407610
1413660
1408135
1408136
1408137
1408138
1408139
1408140
1408141
1413661
1413662
1408142
1413663
1408143
1413664
1408144
1413665
1408145
1408146
1413666
1408147
1408148
1413667
1408149
1408150
1408151
1413668
1408152
1408153
1408154
1408155
1408156
1408157
1413669
1413670
1408158
1413671
1413672
1408159
1408160
1413673
1408161
1413674
1408162
1408163
1413675
1413676
1408164
1408164
1408165
1413677
1408166
1408167
1408168
1408169
1408170
1408171
1408172
1413678
1413679
1408173
1408174
1408175
1408176
1408177
1408178
1408179
1408180
1408181
1408182
1408183
1408184
1413680
1408185
1408186
1408187
1413681
1408188
1413682
1413683
1413684
1413685
1408189
1408190
1408191
1408236
1408237
1408238
1408239
1413693
1413694
1408240
1408426
1414300
1409606
1414301
1409607
1409608
1409609
1414302
1414303
1409610
1414304
1409611
1409612
1409613
1414305
1414306
1409614
1414307
1409615
1414308
1414309
1409616
1414310
1409617
1414311
1414312
1409618
1414313
1414314
1409619
1409620
1409626
1414317
1409627
1409628
1409629
1409696
1414353
1414354
1414355
1414356
1414357
1414358
1414359
1414360
877841
1413349
1409390
1402840
1402841
1402842
1411224
1402843
1402844
1406186
1412688
1406187
1406188
1412689
1412690
1406189
1406190
1412691
1409506
1414210
1414211
1400100
1400101
1402845
1402846
1402847
1402848
1402849
1402850
1402851
1404255
1411653
1411654
1441145
1412219
1412220
1405462
1437296
1437297
1437298
1443831
1443833
1443834
1443835
1443836
1443837
1443839
1443840
1443841
1443843
1443844
1433098
731284
731297
731303
731304
731305
731314
1433049
1433135
731245
1433078
1411978
1412989
1407256
1407257
1408257
1408258
1413698
1408259
1408260
1413699
1408261
1408262
1408263
1408264
1408265
1408266
1408267
1408268
1408269
1408270
1408271
1408272
1413700
1408273
1408274
1408275
1408276
1408277
1408278
1408279
1408280
1408281
1408282
1408283
1408284
1408285
1408286
1408287
1408288
1408289
1408290
1408291
1408292
1408293
1408294
1408295
1408296
1408297
1408298
1408299
1408300
1408301
1408302
1408303
1408303
1408304
1408305
1413701
1408306
1408307
1408308
1408309
1408310
1408311
1408312
1408313
1408314
1408315
1408316
1408317
1408318
1408319
1408320
1408337
1414045
1414046
1409778
1399412
1399413
1399414
1399415
1399416
1399417
1399418
1399419
1399420
1399421
1399422
1399423
1399425
1399426
1399427
1399428
1399429
1399430
1399431
1399432
1399433
1399434
1399435
1399436
1399520
1399841
1409997
1399842
1399843
1656948
1657371
1657372
1437143
1437145
1437146
1437147
1437148
1437149
1437150
1437151
1437152
1437153
1437154
1437155
1437156
1437157
1437158
1402103
1402104
1402105
1403495
1411382
1404190
1404191
1404323
1411682
1404324
1409821
1399521
1399522
1413365
1413366
1413367
1407450
1409412
1409413
1414151
1409094
1409095
1414043
1409096
1414044
1409097
1409098
1409099
1409100
1409101
1409102
1409103
1409104
1414091
1414092
1414093
1414094
1409264
1400514
1400515
1657038
1657040
1657041
1665868
1665869
1665870
1657044
1657045
1665872
1657356
879371
1730815
1730818
1730817
887077
378223
378224
378225
378226
378227
378228
378185
378229
378230
862602
758989
710875
378257
710860
378258
1350053
378260
710859
378261
378262
378263
378264
378265
746194
378267
1534381
1451186
471301
1047416
1509246
1036258
471321
1420590
1026181
471296
1036262
1666598
471302
1668162
1406594
1668161
1596194
471295
1666604
1406595
471297
471299
471325
1666599
1596195
1647415
471318
1414698
1666602
1047420
471309
1406596
1412973
1450775
471319
471303
471311
1412974
471322
471305
471323
1036259
1036260
1036260
1668163
471307
1036261
1047421
471308
471315
1668160
471306
1406597
410032
471298
471316
471313
1036246
1036247
471314
1036248
1415322
471324
471310
1719000
1596196
471326
1450773
1036254
1036255
1718999
471300
471317
1036256
1415323
1450774
457627
544998
224242
457628
457629
457620
182788
457621
457630
1115595
1657375
1657377
1657378
1657380
1665898
1657382
1406598
1657396
266697
266698
266700
266701
266702
266703
266704
266705
362615
406024
266708
266709
266710
266712
266713
266714
266734
266736
597309
142023
266740
266741
266742
266743
266744
266745
266746
266747
266748
266749
266750
266751
266752
266753
266754
266755
579851
266756
266757
266758
266767
1432925
1433092
101097
265048
731328
101099
1459299
1433104
1433105
1433106
1433142
1433107
101101
1432926
1432927
1433153
1433044
101102
265051
1433152
265052
1433042
265053
265054
1616873
1433094
101103
1433119
1587892
265055
1610661
101104
1433141
1433145
1433166
1432928
731247
101105
1606384
101106
731249
1433120
835358
265057
1433091
1433081
1432929
1433115
265058
1606674
265059
265060
1606396
265061
265062
1433075
101107
101108
265063
265064
731274
1474646
1474646
1433144
101109
731275
265065
1610647
1433088
1606398
1613249
1433090
101110
1433146
101111
265066
101112
101113
101114
265067
1606387
1606393
1451546
1606395
101115
731302
1571970
1610662
1433096
1433147
101116
101117
265068
1433148
1433164
265069
1612996
731307
731309
1433100
1433149
1433174
1451548
731308
1433165
1433163
265070
265071
101118
101119
1606391
1614127
1606400
1606392
101120
1433150
1433108
265073
1523388
1433118
265074
1432930
731320
1433169
265075
1433116
731322
731323
731325
731326
1433111
265078
1433076
731327
1610646
265079
101121
265080
1433168
1433180
1433109
265081
731335
1433089
1433093
101122
1433110
1433099
1606390
1613250
1433175
265082
1433182
101123
1548800
1433134
835359
1474868
265083
265085
1433117
731351
265086
1433101
265088
265089
265090
265091
1433050
1433170
1451554
1484046
265092
1616874
416488
1433085
1547706
1433151
1604637
1613251
101126
1433161
265093
101127
731256
265094
265095
101128
1433066
731246
265097
101129
1433158
266806
266807
266808
266810
266811
266812
266813
266814
266815
266816
101152
412802
101153
101154
412803
266845
266884
266885
266886
266887
406116
266888
265836
265837
265843
265844
265195
265846
265847
265848
1390912
1390913
886291
887001
1390915
1390916
247966
886292
265850
265851
265852
568071
155894
568074
265858
848362
265859
265860
265861
265862
265863
867231
265864
867232
265865
265866
265867
265868
867230
848363
265869
265870
265871
265872
265873
265874
848364
265875
265876
265877
265878
867229
265879
265880
265881
867233
265889
265890
1701672
265892
1701680
265894
265895
265896
265897
265898
1726717
265900
265901
1701675
568080
378231
740865
265918
764883
265921
1565608
731298
1433162
265922
1433177
1433077
1433178
1455131
265926
265927
265928
265929
1433097
265930
265937
265938
378219
265940
378220
1721062
265942
378221
378232
265951
740866
265952
265955
265956
265957
265958
265959
265964
265965
265966
378233
265967
1457296
346427
265970
265971
265972
142527
142530
142531
1487506
265978
142532
480307
142535
379890
142537
142538
142533
142540
142541
142543
265999
266000
142553
142554
480308
142556
379893
379896
142569
379897
142570
379898
142571
266011
1409912
1409913
1479370
1409914
1399706
1409915
1409916
1409917
1409918
1479371
1399707
1409919
1399708
1399709
1409920
1399710
1409921
1409922
1433160
266018
1578298
731330
266022
266023
266024
266025
266031
142638
379980
379981
142639
142640
568160
380072
480349
142695
142704
142705
142718
879338
481344
142726
1043322
142749
484261
484496
481370
481372
484301
481374
481375
481376
481377
481378
142751
1578527
481379
1584108
484495
879372
142753
142754
1584212
1584104
142755
481380
481381
484497
484116
481382
481383
481384
1578528
481385
481386
484489
1578529
481387
481388
1578530
1578530
481389
481390
481391
142757
481392
1578531
231861
481393
481394
484300
142758
481395
484114
481396
481397
484493
481398
484490
481399
481400
485954
481401
481402
484177
142759
142760
481403
484138
484491
142761
1578532
879216
485957
142762
481404
481405
484498
481406
484299
481407
484617
1578533
1584101
1396979
481408
481409
481410
481411
481412
1578534
481413
481414
484258
142763
1584219
142764
484117
481415
142765
481417
142766
481418
1578520
142767
1396992
484302
481419
481420
481421
481422
481423
481424
484262
481425
481426
481428
1578519
1578518
481430
142768
481431
481432
481433
1578535
481434
481435
481436
1578522
1578536
484303
142770
1578537
481437
484492
481438
481439
481440
481441
481442
481443
481444
142771
142772
481445
481446
1578538
481447
484494
1584213
481450
1584099
1578539
1578540
481451
1578541
481452
142773
1584100
879217
481453
1584211
481454
1578521
481455
142774
481456
481458
142775
481459
481460
481461
484296
481462
390135
481463
481464
484229
1578543
1578545
481468
142780
142781
142782
142783
142802
142803
142804
380101
380098
380099
379891
380077
380100
834770
834769
379892
480437
142864
480440
480441
480442
142867
480444
142868
142869
484403
480445
480448
163254
480449
142871
480450
480451
142873
142874
480452
142875
480453
142876
480454
480455
480456
484602
480457
142879
1504312
480458
142882
480459
142883
142884
142886
142887
480461
142888
480462
142889
175025
266455
266456
175026
136042
175027
266457
175030
480480
480482
142892
480483
480484
484605
484606
142890
142891
834774
834772
834777
834775
834773
380102
834771
834778
834776
480488
480489
480490
158308
142896
480491
480492
480493
480494
480495
480496
480497
480498
480499
142898
389987
480500
480501
142900
480502
480503
480504
480505
480506
142901
480508
142902
142903
484208
480510
142904
480512
480513
480514
480514
142905
480516
480517
480518
480519
480520
480521
484206
142906
480522
480523
480524
480525
480526
480527
142908
480528
142909
480529
142910
480530
484207
480531
480532
480534
480535
142912
480536
480537
142913
142914
480538
480539
480540
480541
480542
142918
142919
480543
485375
142921
142922
485376
142923
480544
480545
480546
142925
480547
480548
142926
480549
480550
480551
142927
480552
480553
480554
480555
142929
480556
379899
142930
480558
480559
480560
480561
480562
484164
480563
142932
142936
484603
480474
142939
480475
142943
142944
175036
266477
175037
266481
266484
136074
142935
142947
142948
142949
175039
175041
142950
142945
266472
266473
136069
266479
266482
266483
266485
266486
266488
266490
142962
480572
142963
142964
142965
142966
414337
484201
480574
457631
224244
544995
457622
1570304
1632338
1570301
196374
377801
1673006
377800
1570302
1433335
1701507
871917
344427
344428
1736752
344429
1628598
1570309
1570310
714632
344431
344432
1570308
1652723
196375
344433
1616284
150534
1616283
1672979
344435
1701508
344436
344437
196376
344438
344439
344440
377803
344441
344454
344454
196381
196377
196378
1570307
344442
344443
344444
344445
344446
1570306
1672981
196379
1737202
344447
1570303
1665790
344448
344449
344450
344451
344452
344453
196380
344455
1739812
1739808
994358
143315
143316
1527004
340783
340732
712231
340742
340743
1596534
340737
1596552
1322525
585280
1666627
1298103
1658593
1658596
1658598
1658599
1658601
1658602
1658603
1665917
1666030
1666050
1666054
1666056
1666064
1666067
1666072
1666076
1666080
1666083
1666227
1666232
1666234
1036019
134961
148368
431954
247967
247968
247969
134962
368618
135072
1430344
1258653
100585
1431621
1431623
100586
1287875
1416335
448669
1431637
448670
1431648
1431650
1390134
448673
1258067
448672
850394
1293199
1431652
448674
1431877
1431878
1432932
448675
1431879
1258064
1421994
1421994
100587
1432775
1432777
1421995
1432779
1432781
1422274
819955
1416479
1432931
1432934
1416342
1258173
1258177
1432938
1432933
1422277
1422416
1422281
1258086
1416338
1432939
1432945
1432948
341177
448842
419310
1044477
159681
100589
1044476
448843
100590
159682
448844
419311
100591
448846
419312
1326090
448848
448849
419313
448850
1436361
147793
993932
147794
1398258
100605
341183
448852
448853
341184
147792
100607
1045644
341187
341188
341189
159686
448856
448857
990006
448858
448859
448861
341191
448862
341192
341193
341194
100612
1673328
341195
990003
448865
100613
448866
341196
1045645
448868
100614
990012
448869
448870
448871
159690
100617
100620
448706
448899
419304
1720003
845749
845752
845747
845751
845748
845746
100621
743451
845750
159701
448891
100627
850396
871884
448892
448893
100628
448894
159716
1715453
1424620
1715447
100636
1435940
1435939
448879
1391068
100637
419316
1458494
147798
1462273
1435941
1458495
1435942
159724
1392898
1322417
448746
1322426
1416556
1424692
1322418
1293054
1514336
1322419
1322420
1322421
1392899
100638
419306
1322422
1416562
1425080
1322423
1322424
1416557
1416481
1042378
159727
448747
1425079
1425075
100639
1322425
1416560
1416561
999827
1722150
1415299
1322256
448827
448829
159728
1510896
100647
826543
448729
100648
448730
448731
100649
448732
419302
159693
419303
1340340
448704
448705
1036250
1668289
1036251
1036252
1036253
159715
987133
1607517
1601696
344485
344190
344486
1441334
480463
480464
480465
480466
480467
480485
480486
480487
480557
480573
1406179
1406180
1406181
872650
544977
544978
544979
544980
544976
544982
544991
481325
481326
481327
481328
484129
484130
484125
484128
481330
481331
484244
852556
484126
481332
481333
484127
484245
481335
484218
484306
481336
481337
485929
852557
481338
481339
481340
481341
481342
481343
481367
481368
481369
545086
481471
481493
1292629
481649
848354
992963
225789
225790
342694
484209
484604
484223
1410073
1400115
1479260
234090
1411927
1411928
1411929
1404768
1411930
1411931
1411932
1411933
1411934
1411935
1411936
1411937
1411938
1411939
1411940
1411941
1411942
1411943
1411944
1404769
1411945
1411946
1411947
1411948
1406281
1406282
1412765
1412766
1406283
1412767
1406284
1412768
1412769
1412770
1412771
1412772
1412773
1412774
1412775
1406285
1412776
1406286
1406287
1412777
1406288
1412778
1406289
1406290
1406291
1412779
1406292
1406293
1412780
1406294
1406295
1406296
1406297
1406298
1412781
1406299
1412782
1412783
1412784
1412785
1406300
1412786
1406301
1406302
1406303
1412787
1406304
1412788
1406305
1412789
1412789
1406306
1406307
1406308
1406309
1406310
1412790
1412791
1406311
1412792
1412793
1406312
1412794
1412795
1406313
1412796
1412797
1406314
1412798
1406315
1406316
1406317
1406318
1412799
1406319
1406320
1412800
1406321
1406322
1412801
1406323
1412802
1412803
1412804
1406324
1412805
1412806
1412807
1406325
1412808
1412809
1412810
1406326
1406327
1412811
1412812
1406328
1412813
1406329
1406330
1406331
1406332
1412814
1412815
1412816
1412817
1412818
1412819
1412820
1412821
1412822
1406333
1406334
1406335
1412823
1412824
1406336
1412825
1406337
1412826
1412827
1406338
1406339
1406340
1406341
1412828
1406342
1406343
1406344
1412829
1412830
1406345
1412831
1412832
1406346
1412833
1412834
1412835
1406347
1406348
1406349
1412836
1406378
1407321
1407322
1407323
1407324
1407325
1407972
1409328
1409329
1409330
1414120
1414121
1409331
1409332
1409333
1409334
1409335
1409336
1409337
1409338
1409339
1409340
1409341
1409342
1409343
1409344
1409345
1409346
1409347
1409348
1409349
1409350
1409351
1409352
1409353
1409354
1409355
1409356
1414122
1409357
1409358
1409359
1409360
1409361
1409362
1409363
1409364
1409365
1414123
1409366
1409367
1409368
1409369
1409370
1409371
1409372
1409372
1409373
1409374
1471689
1299106
1299119
485383
1479833
1061649
